16
28
46
71
77
79
102
145
81
150
169
197
198
168
211
172
192
210
213
259
261
287
292
171
248
339
78
413
490
457
511
517
60
267
96
528
627
647
269
429
143
158
1
3
7
53
62
68
74
90
204
190
266
110
209
353
382
449
485
196
532
486
365
600
519
604
300
704
697
508
858
874
932
1120
582
1253
1299
1394
1248
1415
1522
1436
1600
1654
1648
1683
1249
1756
1646
1959
2086
1590
1567
2093
2102
1629
1557
1773
1775
2181
1498
1254
1964
2478
2483
2479
2584
2010
1777
2634
2088
2659
2669
2658
2747
2704
2651
2157
1559
2660
1400
2546
3333
3750
3652
2904
3669
2348
3951
3960
3728
3953
4303
4239
4327
4296
4015
5001
5968
6809
10940
8404